4294967278,21
4294967278,22
4294967279,521
4294967278,346
4294967278,207
5,5
4294967279,520
4294967278,345
4294967278,23
4294967279,519
4294967278,26
4294967278,25
4294967278,24
4294967278,344
4294967279,518
4294967278,343
4294967279,517
4294967278,342
4294967278,202
4294967278,341
4294967279,516
4294967278,340
4294967278,27
4294967279,515
14,4
14,6
11,4
11,6
4294967278,31
4294967278,30
4294967278,29
4294967278,28
4294967278,339
4294967278,42
4294967278,41
4294967278,40
4294967278,39
4294967278,38
4294967278,37
4294967278,36
4294967278,35
4294967278,34
4294967278,33
4294967278,32
4294967279,514
4294967278,338
4294967279,513
2,2
4294967278,196
4294967278,337
4294967279,512
4294967278,336
4294967278,335
4294967278,191
4294967278,190
4294967278,187
21,6
4294967278,189
21,5
21,4
4294967278,188
21,3
21,2
21,1
4294967278,334
4294967294,191
4294967294,184
4294967294,180
4294967294,182
4294967294,166
4294967294,24
4294967294,175
4294967294,173
4294967294,169
4294967294,183
4294967294,170
4294967294,19
4294967294,104
4294967294,106
4294967294,160
4294967294,168
4294967294,162
4294967294,1414
4294967279,43
4294967279,42
4294967279,41
4294967279,38
4294967279,36
4294967279,35
4294967279,34
4294967279,32
4294967279,28
4294967279,27
4294967279,26
4294967279,25
4294967279,23
4294967279,19
4294967279,14
4294967279,12
4294967279,11
4294967278,333
4294967294,75
4294967278,185
4294967294,97
4294967278,184
4294967278,183
4294967278,182
4294967278,181
4294967278,180
4294967278,332
4294967279,319
4294967278,179
4294967278,178
4294967278,331
4294967294,89
4294967279,318
4294967278,330
4294967279,317
4294967278,329
4294967278,173
4294967279,316
4294967278,328
4294967278,171
4294967278,170
4294967278,327
4294967279,315
4294967279,260
4294967278,169
20,6
20,5
4294967278,168
20,4
20,3
20,2
20,1
4294967278,167
4294967278,319
4294967278,164
4294967278,318
4294967278,163
4294967294,38
4294967294,37
4294967294,436
4294967294,392
4294967294,388
4294967294,423
4294967294,114
4294967294,115
4294967294,2
4294967294,149
4294967294,46
4294967294,198
4294967278,162
4294967278,317
4294967278,161
4294967278,159
19,5
4294967278,158
19,4
19,3
19,2
19,1
4294967279,156
4294967278,157
4294967294,40
4294967294,41
4294967294,1417
4294967294,43
4294967279,154
4294967278,326
0,7
4294967294,45
4294967294,53
4294967294,51
4294967294,90
4294967294,86
4294967294,85
4294967294,30
4294967294,61
4294967294,82
4294967294,88
4294967294,11
4294967294,18
4294967294,127
4294967294,14
4294967294,126
4294967294,20
4294967294,13
4294967294,12
4294967294,68
5,4
8,4
4294967294,99
4294967294,1000
4294967294,185
4294967294,25
4294967294,92
4294967278,325
4294967294,999
4294967278,260
4294967278,0
4294967294,0
4294967294,151
4294967294,107
4294967294,81
4294967294,50
4294967294,91
4294967294,87
4294967294,84
4294967294,1415
4294967294,150
4294967294,128
4294967294,29
4294967294,418
4294967294,28
4294967294,1016
4294967294,27
4294967294,471
4294967294,1418
4294967294,426
4294967294,44
4294967294,36
5,3
4294967294,17
4294967294,76
4294967294,52
4294967294,1017
4294967294,26
4294967294,83
8,3
4294967294,416
4294967294,470
4294967294,201
4294967294,39
4294967294,42
4294967294,67
4294967294,96
4294967294,94
4294967294,9
4294967279,148
4294967294,8
4294967294,7
0,5
4294967294,6
4294967294,22
4294967294,93
4294967294,95
2,4
4294967278,132
4294967278,131
4294967278,130
4294967278,129
4294967278,128
4294967278,127
4294967278,126
4294967278,125
4294967278,124
4294967278,123
4294967278,122
4294967278,121
4294967278,120
4294967278,119
4294967278,118
4294967278,117
4294967278,116
4294967278,115
4294967278,114
4294967278,113
4294967278,112
4294967278,111
4294967278,110
4294967278,109
4294967278,108
4294967278,107
4294967278,106
4294967278,105
4294967278,104
4294967278,103
4294967278,102
4294967278,101
4294967278,100
4294967278,99
4294967278,98
4294967278,97
4294967278,96
4294967278,95
4294967278,94
4294967278,93
4294967278,92
4294967278,91
4294967278,90
